0000000100000110010000001010000000110100
0000101000000011001100001001000000001110
0000000100000110010000001010000000110101
0000101000000011001100001001000000001110
0000000100000110010000001011000000110011
0000101000000011001100001001000000010000
0000000100000110010000000111000000110100
0000101000000011001000001001000000010000
0000000100000110010000000111000000110101
0000101000000011001000001001000000010000
0000000100000011011100000011000000111100
0000010000000011010000000011000000111101
0000001000000011110000000110000000111100
0000101100000110010000001001000000010010
0000000100000011001100000011000001000110
0000110100000000000000001110000000000000
0000000100000011001000000011000001000110
0000110100000000000000001110000000000000
0000000100000110010000000111000000111100
0000101000000011001000001001000000010000
0000000100000110010000000111000000111101
0000101000000011001000001001000000010000
0000000100000011110000000100000000111000
0000001100000011110000000100000000110100
0000001100000011110100001000000000001100
